# t	c_k3	c_k8	c_k12
0.0	NaN	NaN	NaN
0.25252525252525254	-0.26997336777990144	2.440781416499115	-1.1708080487192134
0.5050505050505051	-0.39619490081557274	3.9549482658135098	-2.558753364997937
0.7575757575757576	-0.46885409814426454	4.827466464519678	-3.358612366375413
1.0101010101010102	0.01664101377761853	-0.9997158350721925	1.983074821294574
1.2626262626262625	0.032560615788947755	-1.1908602062052995	2.1582995904163518
1.5151515151515151	0.014393718545688257	-0.9727504313249744	1.9583567127792862
1.7676767676767677	0.01160013682232841	-0.939203060010154	1.9276029231878256
2.0202020202020203	0.0112268597174598	-0.9347160757626292	1.9234892160451693
2.272727272727273	0.010876872667895979	-0.9305047790678674	1.9196279063999715
2.525252525252525	0.01090146531165137	-0.9307899480931779	1.9198884827815266
2.7777777777777777	0.010857651182017425	-0.930248648297746	1.9193909971157286
3.0303030303030303	0.010838741422836397	-0.9300010503175663	1.91916230889473
3.282828282828283	0.010831753956052315	-0.9298899767895976	1.9190582228335453
3.5353535353535355	0.01081062771269481	-0.9296003615197169	1.9187897338070221
3.787878787878788	0.010782738860200045	-0.9292189822219508	1.9184362433617508
4.040404040404041	0.010751418734500917	-0.9287837705325169	1.918032351798016
4.292929292929293	0.010714534733030408	-0.9282664026027425	1.917551867869712
4.545454545454546	0.010672354242480586	-0.927666989950325	1.9169946357078445
4.797979797979798	0.010625632266932361	-0.9269910247421232	1.9163653924751909
5.05050505050505	0.010575859458437337	-0.926252461402711	1.9156766019442737
5.303030303030303	0.010525502378164062	-0.925476891039897	1.9149513886617329
5.555555555555555	0.010477897350734256	-0.924700708702044	1.9142228113513096
5.808080808080808	0.010436543465783134	-0.9239629851899874	1.9135264417242042
6.0606060606060606	0.010404712491794976	-0.9233010607551682	1.9128963482633732
6.313131313131313	0.010384530044832085	-0.9227391199691425	1.9123545899243104
6.565656565656566	0.010376445266941519	-0.9222807992543728	1.9119043539874312
6.818181818181818	0.01037937397471067	-0.9219096256917223	1.9115302517170116
7.070707070707071	0.01039139340566686	-0.9215964009626024	1.9112050075569356
7.3232323232323235	0.010410752904115972	-0.9213111654893287	1.9109004125852127
7.575757575757576	0.01043670860214592	-0.9210336226959217	1.9105969140937757
7.828282828282828	0.010469877679221584	-0.9207577923597796	1.910287914680558
8.080808080808081	0.010512212528191041	-0.9204918379176533	1.9099796253894623
8.333333333333334	0.010566649255590222	-0.9202538160720565	1.909687166816466
8.585858585858587	0.010636543141427035	-0.9200650695265682	1.9094285263851412
8.83838383838384	0.010724939731061858	-0.9199420671948123	1.9092171274637504
9.090909090909092	0.01083382821133938	-0.9198884008147594	1.90905457260342
9.343434343434344	0.01096357029530279	-0.9198889487138278	1.9089253784185252
9.595959595959595	0.01111268078397223	-0.9199079737562846	1.9087952929723124
9.848484848484848	0.01127802623004281	-0.9198917535748012	1.9086137273447585
10.1010101010101	0.011455353973371718	-0.9197747272152461	1.9083193732418744
10.353535353535353	0.011639963438597665	-0.919487100925906	1.9078471374873085
10.606060606060606	0.01182732775309942	-0.9189618366214716	1.9071345088683722
10.858585858585858	0.012013542918853993	-0.9181396878660767	1.9061261449472227
11.11111111111111	0.012195572921045561	-0.9169719254575296	1.904776352536484
11.363636363636363	0.012371328236462475	-0.9154211422998825	1.90304981406342
11.616161616161616	0.012539641553947522	-0.9134608229523353	1.900921181398388
11.868686868686869	0.012700201508231812	-0.9110743523535243	1.8983741508452925
12.121212121212121	0.012853485610997306	-0.9082539519352976	1.8954004663243003
12.373737373737374	0.013000711131780413	-0.9049998124009623	1.891999101269182
12.626262626262626	0.013143805041803963	-0.9013195236844664	1.8881757186426624
12.878787878787879	0.01328538205303631	-0.8972277876472416	1.8839424055942053
13.131313131313131	0.013428713415327052	-0.8927463398510672	1.87931762643574
13.383838383838384	0.013577666955222667	-0.8879039847858886	1.874326317830666
13.636363636363637	0.013736599866757682	-0.8827366513714342	1.8690000515046765
13.88888888888889	0.013910189520933591	-0.8772873950035541	1.8633772054826205
14.141414141414142	0.014103193250099455	-0.8716062969633092	1.8575031037132097
14.393939393939394	0.014320135936007783	-0.8657502396330842	1.8514301036970764
14.646464646464647	0.014564933601499463	-0.8597825535824315	1.845217619980932
14.8989898989899	0.01484047199624498	-0.853772528594152	1.8389320565979068
15.151515151515152	0.015148171472122884	-0.847794746644257	1.8326465751721341
15.404040404040405	0.015487583456074483	-0.841928122492838	1.8264405390367635
15.656565656565656	0.01585608011447015	-0.8362544371002943	1.8203983569858242
15.909090909090908	0.01624871709688458	-0.8308560485526564	1.8146073314557718
16.161616161616163	0.016658367169064547	-0.8258124186618858	1.8091540514928213
16.414141414141415	0.017076233481339315	-0.8211951713354185	1.8041189378540792
16.666666666666668	0.01749284346457153	-0.8170616653163596	1.799568821851788
16.91919191919192	0.017899582660408416	-0.8134475380513879	1.7955479553909794
17.171717171717173	0.018290739784706522	-0.8103592783787752	1.7920685385940687
17.424242424242426	0.018665901294378763	-0.80776841296318	1.7891025116688013
17.67676767676768	0.019032381112320085	-0.8056090521762023	1.7865766710638822
17.92929292929293	0.019407249904208057	-0.8037800852595337	1.7843728353553256
18.181818181818183	0.019818499092331732	-0.8021522110873541	1.7823337119950222
18.434343434343436	0.02030497730692793	-0.800578552763056	1.780273575456128
18.68686868686869	0.020914961554419756	-0.7989064186682574	1.7779914571138375
18.939393939393938	0.0217035086850459	-0.7969874172619407	1.7752839085768948
19.19191919191919	0.02272898513324014	-0.794683836764858	1.771954851631618
19.444444444444443	0.024049319863792933	-0.7918706835895754	1.7678213637257825
19.696969696969695	0.02571853585721795	-0.7884343846022109	1.762715848744993
19.949494949494948	0.027784002870573365	-0.7842702248899243	1.756486222019351
20.2020202020202	0.030284660731281627	-0.7792807418002541	1.7489960810689724
20.454545454545453	0.03325024169770533	-0.773376584381793	1.7401263426840876
20.707070707070706	0.03670132753097574	-0.7664801647933397	1.729778837262364
20.95959595959596	0.04064995953460695	-0.7585312697308013	1.7178813101961943
21.21212121212121	0.045100507836307924	-0.7494930439264286	1.7043925360901206
21.464646464646464	0.050050600816877795	-0.7393565529904714	1.6893059521735938
21.717171717171716	0.055492086003873384	-0.7281424174116937	1.6726503314078203
21.96969696969697	0.06141218347562634	-0.7158986137963881	1.6544864303207616
22.22222222222222	0.06779513397522197	-0.702694291294177	1.634899157318955
22.474747474747474	0.07462467547490642	-0.6886102229427322	1.6139855474678257
22.727272727272727	0.08188756972032374	-0.6737272045458368	1.591839634825513
22.97979797979798	0.08957815586791307	-0.658114220818803	1.56853606495089
23.232323232323232	0.09770359807394258	-0.641818395218353	1.5441147971444105
23.484848484848484	0.1062892261684989	-0.6248585300085043	1.5185693038400052
23.737373737373737	0.1153832538786499	-0.6072234314608682	1.4918401775822183
23.98989898989899	0.12506025624806438	-0.588875350400398	1.4638150941523336
24.242424242424242	0.13542306637839951	-0.5697580032648492	1.4343349368864495
24.494949494949495	0.14660309638753863	-0.5498080200007454	1.4032049236132067
24.747474747474747	0.1587593463321476	-0.5289684199232766	1.370209073591129
25.0	0.17207640810418623	-0.5072028113879489	1.3351264032837626
